
Iterations = 1:50000
Thinning interval = 1
Number of chains = 1
Sample size per chain = 50000

1. Empirical mean and standard deviation for each variable,
   plus standard error of the mean:

            Mean       SD  Naive SE Time-series SE
N[1]     45.9488 24.97643 0.1116980      2.1224657
N[2]     75.3234 10.29325 0.0460328      0.5349538
N[3]     87.4141  5.39878 0.0241441      0.0933517
N[4]     89.7850  4.66856 0.0208785      0.0765651
N[5]     98.4132  4.15914 0.0186002      0.0601011
N[6]    106.8431  4.24519 0.0189851      0.0961175
N[7]    105.6269  9.23855 0.0413160      0.2274625
Nsuper  324.6146 16.25223 0.0726822      1.0132169
f[1]      1.2658  0.76279 0.0034113      0.0542380
f[2]      0.6980  0.19350 0.0008654      0.0096185
f[3]      0.5286  0.09763 0.0004366      0.0018233
f[4]      0.4751  0.08607 0.0003849      0.0013607
f[5]      0.4928  0.08340 0.0003730      0.0011908
f[6]      0.4304  0.08025 0.0003589      0.0016745
lambda  324.6666 24.21065 0.1082733      0.9101670
mu_f     -0.5493  0.27906 0.0012480      0.0106666
mu_p      1.8489  0.55110 0.0024646      0.0214694
mu_phi    0.2470  0.18561 0.0008301      0.0034056
p[1]      0.6379  0.27002 0.0012076      0.0230641
p[2]      0.8160  0.10209 0.0004566      0.0053013
p[3]      0.8909  0.05307 0.0002373      0.0009682
p[4]      0.8897  0.04764 0.0002131      0.0008371
p[5]      0.8913  0.04232 0.0001893      0.0007688
p[6]      0.9097  0.03965 0.0001773      0.0011261
p[7]      0.8831  0.06808 0.0003045      0.0016893
phi[1]    0.5875  0.07177 0.0003209      0.0015703
phi[2]    0.5138  0.05580 0.0002495      0.0011439
phi[3]    0.5177  0.04950 0.0002214      0.0010455
phi[4]    0.5878  0.04876 0.0002181      0.0012964
phi[5]    0.5787  0.04525 0.0002024      0.0010625
phi[6]    0.5811  0.05758 0.0002575      0.0014673
sig_f     0.4798  0.33859 0.0015142      0.0197324
sig_p     0.8395  0.66369 0.0029681      0.0441538
sig_phi   0.2829  0.22495 0.0010060      0.0087629

2. Quantiles for each variable:

             2.5%      25%      50%      75%     97.5%
N[1]     22.00000  25.0000  31.0000  67.0000  99.00000
N[2]     64.00000  68.0000  72.0000  80.0000 102.00000
N[3]     80.00000  84.0000  87.0000  90.0000 100.00000
N[4]     83.00000  86.0000  89.0000  92.0000 101.00000
N[5]     92.00000  95.0000  98.0000 101.0000 108.00000
N[6]    101.00000 104.0000 106.0000 109.0000 117.00000
N[7]     94.00000  99.0000 104.0000 110.0000 129.00000
Nsuper  303.00000 312.0000 321.0000 335.0000 362.00000
f[1]      0.36812   0.5296   1.2229   1.8167   2.86857
f[2]      0.41007   0.5410   0.6822   0.8314   1.10943
f[3]      0.36273   0.4602   0.5176   0.5866   0.74995
f[4]      0.31568   0.4214   0.4689   0.5265   0.66146
f[5]      0.34659   0.4359   0.4854   0.5419   0.68103
f[6]      0.27967   0.3751   0.4296   0.4811   0.59612
lambda  281.71646 307.4661 323.1152 340.2938 376.11128
mu_f     -0.99297  -0.7367  -0.5940  -0.3927   0.08551
mu_p      0.62076   1.5342   1.9107   2.2179   2.79003
mu_phi   -0.09396   0.1323   0.2397   0.3494   0.64031
p[1]      0.20895   0.3515   0.7673   0.8888   0.94980
p[2]      0.57722   0.7530   0.8468   0.8944   0.94509
p[3]      0.76453   0.8618   0.8968   0.9280   0.97690
p[4]      0.77608   0.8635   0.8950   0.9232   0.96714
p[5]      0.79495   0.8668   0.8959   0.9214   0.96143
p[6]      0.82283   0.8842   0.9131   0.9385   0.97512
p[7]      0.71585   0.8492   0.8930   0.9294   0.98736
phi[1]    0.46575   0.5385   0.5783   0.6268   0.75630
phi[2]    0.39139   0.4802   0.5191   0.5523   0.61209
phi[3]    0.41049   0.4870   0.5209   0.5524   0.60566
phi[4]    0.50538   0.5537   0.5845   0.6195   0.69172
phi[5]    0.49984   0.5468   0.5766   0.6077   0.67393
phi[6]    0.49011   0.5424   0.5735   0.6111   0.71621
sig_f     0.01452   0.1997   0.4445   0.6779   1.26576
sig_p     0.03487   0.2816   0.7207   1.2668   2.32731
sig_phi   0.01068   0.1279   0.2386   0.3804   0.82695

> HPDinterval(samples)
                lower        upper
N[1]     22.000000000  92.00000000
N[2]     62.000000000  96.00000000
N[3]     79.000000000  98.00000000
N[4]     82.000000000  98.00000000
N[5]     91.000000000 106.00000000
N[6]    100.000000000 115.00000000
N[7]     93.000000000 123.00000000
Nsuper  300.000000000 356.00000000
f[1]      0.297988714   2.65746775
f[2]      0.389264389   1.07791369
f[3]      0.354401944   0.73685412
f[4]      0.311608894   0.65484669
f[5]      0.335215741   0.66214603
f[6]      0.273766322   0.58871384
lambda  279.798410474 373.47949685
mu_f     -1.039245530   0.03427674
mu_p      0.714999376   2.86993558
mu_phi   -0.098453850   0.63302424
p[1]      0.224106360   0.96207776
p[2]      0.603801762   0.95888660
p[3]      0.787951807   0.98970653
p[4]      0.794103143   0.97848566
p[5]      0.806980731   0.96969066
p[6]      0.834811834   0.98125867
p[7]      0.751922912   0.99999025
phi[1]    0.462119031   0.74922534
phi[2]    0.395737713   0.61532952
phi[3]    0.417737510   0.61150207
phi[4]    0.502757810   0.68766704
phi[5]    0.497856568   0.67147081
phi[6]    0.480797074   0.70160469
sig_f     0.004272085   1.09246618
sig_p     0.016379605   2.03303149
sig_phi   0.004189933   0.67739508
attr(,"Probability")
[1] 0.95}