Iterations = 1:50000
Thinning interval = 1 
Number of chains = 1 
Sample size per chain = 50000 

1. Empirical mean and standard deviation for each variable,
   plus standard error of the mean:

            Mean       SD  Naive SE Time-series SE
N[1]     47.3987 24.96996 0.1116690       3.943096
N[2]     76.1008 10.43260 0.0466560       0.769324
N[3]     87.6016  5.47897 0.0245027       0.141139
N[4]     89.9368  4.65898 0.0208356       0.117729
N[5]     98.4654  4.27076 0.0190994       0.101916
N[6]    106.9772  4.38645 0.0196168       0.131903
N[7]    106.7134  9.78218 0.0437472       0.502161
Nsuper  325.8297 16.26703 0.0727484       1.484178
f[1]      1.2201  0.74814 0.0033458       0.069253
f[2]      0.6835  0.19216 0.0008594       0.011542
f[3]      0.5260  0.09702 0.0004339       0.002154
f[4]      0.4737  0.08328 0.0003724       0.001738
f[5]      0.4927  0.08169 0.0003653       0.001631
f[6]      0.4336  0.07854 0.0003512       0.002284
mu_f     -0.5602  0.27064 0.0012103       0.014484
mu_p      1.8117  0.56605 0.0025314       0.032324
mu_phi    0.2581  0.19052 0.0008520       0.004636
p[1]      0.6217  0.27166 0.0012149       0.041430
p[2]      0.8085  0.10319 0.0004615       0.007406
p[3]      0.8886  0.05411 0.0002420       0.001743
p[4]      0.8876  0.04765 0.0002131       0.001368
p[5]      0.8905  0.04331 0.0001937       0.001280
p[6]      0.9082  0.04183 0.0001871       0.001581
p[7]      0.8750  0.07086 0.0003169       0.003419
phi[1]    0.5923  0.07286 0.0003258       0.002514
phi[2]    0.5138  0.05734 0.0002565       0.001457
phi[3]    0.5186  0.05024 0.0002247       0.001262
phi[4]    0.5893  0.04778 0.0002137       0.001126
phi[5]    0.5806  0.04433 0.0001983       0.001036
phi[6]    0.5868  0.06157 0.0002753       0.002648
psi       0.5482  0.03382 0.0001513       0.002022
sig_f     0.4523  0.33570 0.0015013       0.023941
sig_p     0.8249  0.67533 0.0030201       0.058359
sig_phi   0.2949  0.23179 0.0010366       0.009537

2. Quantiles for each variable:

             2.5%      25%      50%      75%     97.5%
N[1]     22.00000  25.0000  34.0000  69.0000  98.00000
N[2]     64.00000  68.0000  73.0000  82.0000 102.00000
N[3]     80.00000  84.0000  87.0000  91.0000 101.00000
N[4]     83.00000  87.0000  89.0000  93.0000 101.00000
N[5]     92.00000  95.0000  98.0000 101.0000 108.00000
N[6]    101.00000 104.0000 106.0000 110.0000 117.00000
N[7]     94.00000 100.0000 105.0000 111.0000 132.00000
Nsuper  302.00000 313.0000 323.0000 336.0000 363.00000
f[1]      0.37177   0.5119   1.1357   1.7854   2.77181
f[2]      0.41274   0.5202   0.6599   0.8148   1.10702
f[3]      0.36371   0.4610   0.5131   0.5787   0.75233
f[4]      0.31727   0.4199   0.4711   0.5218   0.65662
f[5]      0.34397   0.4396   0.4860   0.5395   0.67564
f[6]      0.28356   0.3794   0.4356   0.4847   0.58941
mu_f     -0.98329  -0.7402  -0.6154  -0.4078   0.06928
mu_p      0.57939   1.4935   1.8403   2.1671   2.82884
mu_phi   -0.09613   0.1470   0.2523   0.3571   0.66698
p[1]      0.21012   0.3420   0.7179   0.8821   0.94783
p[2]      0.57117   0.7406   0.8385   0.8871   0.94399
p[3]      0.76585   0.8556   0.8933   0.9286   0.97630
p[4]      0.78338   0.8570   0.8911   0.9231   0.96578
p[5]      0.79809   0.8618   0.8932   0.9227   0.96188
p[6]      0.82239   0.8796   0.9121   0.9414   0.97746
p[7]      0.69970   0.8416   0.8851   0.9251   0.98263
phi[1]    0.46962   0.5455   0.5828   0.6295   0.76593
phi[2]    0.38622   0.4779   0.5203   0.5547   0.60827
phi[3]    0.41291   0.4859   0.5229   0.5542   0.60639
phi[4]    0.50336   0.5566   0.5865   0.6192   0.69047
phi[5]    0.49785   0.5507   0.5796   0.6085   0.67329
phi[6]    0.48781   0.5471   0.5794   0.6158   0.73830
psi       0.48850   0.5241   0.5460   0.5704   0.62011
sig_f     0.01937   0.1539   0.4282   0.6619   1.21977
sig_p     0.02023   0.2131   0.7428   1.2803   2.31724
sig_phi   0.02693   0.1343   0.2436   0.3892   0.88396

> HPDinterval(samples)
                lower        upper
N[1]     22.000000000  92.00000000
N[2]     62.000000000  97.00000000
N[3]     79.000000000  98.00000000
N[4]     83.000000000  99.00000000
N[5]     91.000000000 106.00000000
N[6]    100.000000000 115.00000000
N[7]     93.000000000 125.00000000
Nsuper  300.000000000 357.00000000
f[1]      0.305422045   2.57897261
f[2]      0.387608484   1.05849620
f[3]      0.353019316   0.73750126
f[4]      0.311016512   0.64703693
f[5]      0.340083980   0.67051077
f[6]      0.272284988   0.57584964
mu_f     -1.001175663   0.04434686
mu_p      0.681032744   2.88868440
mu_phi   -0.120149050   0.63715753
p[1]      0.222011788   0.95700087
p[2]      0.600264888   0.95534666
p[3]      0.786949927   0.98744847
p[4]      0.797726249   0.97495068
p[5]      0.807697717   0.96822114
p[6]      0.831003085   0.98290339
p[7]      0.738274594   0.99999161
phi[1]    0.462257996   0.75363947
phi[2]    0.394687733   0.61459777
phi[3]    0.418145919   0.60995513
phi[4]    0.496116023   0.68240573
phi[5]    0.495684711   0.67060066
phi[6]    0.475953381   0.71654509
psi       0.484662021   0.61465415
sig_f     0.003564315   1.05480568
sig_p     0.004624820   2.00977003
sig_phi   0.007619800   0.72275884
attr(,"Probability")
[1] 0.95